train (subset) 13876
zeros
[0.91258288 0.66171807 0.47239839 0.87193716 0.98537042 0.85240703
 0.69501297 0.84887576 0.77212453 0.81867973 0.93391467 0.66157394
 0.84332661 0.95193139 0.96310176 0.94436437 0.95063419 0.9669213
 0.55095128 0.55412223 0.68175267 0.52861055 0.96223696 0.91849236
 0.12899971 0.66604209 0.93261747 0.69760738 0.91842029 0.91106947
 0.95459787 0.53452003 0.75756702 0.73926204 0.78142116 0.96093975
 0.48746036 0.86862208 0.93578841 0.18348227]
 ones
[0.08741712 0.33828193 0.52760161 0.12806284 0.01462958 0.14759297
 0.30498703 0.15112424 0.22787547 0.18132027 0.06608533 0.33842606
 0.15667339 0.04806861 0.03689824 0.05563563 0.04936581 0.0330787
 0.44904872 0.44587777 0.31824733 0.47138945 0.03776304 0.08150764
 0.87100029 0.33395791 0.06738253 0.30239262 0.08157971 0.08893053
 0.04540213 0.46547997 0.24243298 0.26073796 0.21857884 0.03906025
 0.51253964 0.13137792 0.06421159 0.81651773]

train all 162770
[0.88832709 0.73411562 0.48637341 0.79553972 0.97718867 0.84834429
 0.75908951 0.76444677 0.76097561 0.85091233 0.9486269  0.79608036
 0.85632488 0.94231738 0.95348651 0.93536278 0.93649321 0.95763347
 0.61568471 0.54755176 0.58062911 0.51781041 0.95919395 0.88407569
 0.16582294 0.71677213 0.95696381 0.7244824  0.91988696 0.93533821
 0.94374885 0.52030472 0.79144191 0.6806414  0.81346686 0.95061129
 0.53039872 0.87857713 0.92695214 0.22106039]
[0.11167291 0.26588438 0.51362659 0.20446028 0.02281133 0.15165571
 0.24091049 0.23555323 0.23902439 0.14908767 0.0513731  0.20391964
 0.14367512 0.05768262 0.04651349 0.06463722 0.06350679 0.04236653
 0.38431529 0.45244824 0.41937089 0.48218959 0.04080605 0.11592431
 0.83417706 0.28322787 0.04303619 0.2755176  0.08011304 0.06466179
 0.05625115 0.47969528 0.20855809 0.3193586  0.18653314 0.04938871
 0.46960128 0.12142287 0.07304786 0.77893961]

val all 19867
[0.88196507 0.74158152 0.47994161 0.79257059 0.97931243 0.85327427
 0.84678109 0.75119545 0.7914129  0.84617708 0.95268536 0.75874566
 0.85750239 0.93879297 0.95092364 0.93038707 0.92630996 0.95132632
 0.60985554 0.55071224 0.57426889 0.51814567 0.94951427 0.92490059
 0.17763125 0.71988725 0.95691347 0.71510545 0.92807168 0.93164544
 0.93119243 0.51668596 0.79438264 0.72341068 0.80928172 0.95268536
 0.55403433 0.879398   0.92736699 0.25343535]
[0.11803493 0.25841848 0.52005839 0.20742941 0.02068757 0.14672573
 0.15321891 0.24880455 0.2085871  0.15382292 0.04731464 0.24125434
 0.14249761 0.06120703 0.04907636 0.06961293 0.07369004 0.04867368
 0.39014446 0.44928776 0.42573111 0.48185433 0.05048573 0.07509941
 0.82236875 0.28011275 0.04308653 0.28489455 0.07192832 0.06835456
 0.06880757 0.48331404 0.20561736 0.27658932 0.19071828 0.04731464
 0.44596567 0.120602   0.07263301 0.74656465]

val 3054
[0.92992796 0.66011788 0.48133595 0.89751146 0.98886706 0.80844794
 0.69253438 0.86574984 0.78192534 0.79796988 0.9410609  0.64047151
 0.88605108 0.96365422 0.96496398 0.93680419 0.96365422 0.96791094
 0.53994761 0.54387688 0.71447282 0.54584152 0.97609692 0.93385724
 0.09986902 0.62344466 0.93876883 0.72069417 0.9518664  0.92206942
 0.96267191 0.53798297 0.76293386 0.71611002 0.77308448 0.95907007
 0.48068107 0.85068762 0.94793713 0.24623445]
[0.07007204 0.33988212 0.51866405 0.10248854 0.01113294 0.19155206
 0.30746562 0.13425016 0.21807466 0.20203012 0.0589391  0.35952849
 0.11394892 0.03634578 0.03503602 0.06319581 0.03634578 0.03208906
 0.46005239 0.45612312 0.28552718 0.45415848 0.02390308 0.06614276
 0.90013098 0.37655534 0.06123117 0.27930583 0.0481336  0.07793058
 0.03732809 0.46201703 0.23706614 0.28388998 0.22691552 0.04092993
 0.51931893 0.14931238 0.05206287 0.75376555]

test 19962
[0.90011021 0.71555956 0.5041579  0.79736499 0.97880974 0.84425408
 0.67297866 0.78799719 0.72838393 0.86674682 0.94940387 0.82030859
 0.87045386 0.9469993  0.9542631  0.93542731 0.95416291 0.96813946
 0.59503056 0.51818455 0.61351568 0.50490933 0.96132652 0.8513175
 0.14632802 0.70438834 0.95792005 0.71425709 0.91513876 0.9282637
 0.95361186 0.49969943 0.79010119 0.63595832 0.79335738 0.95797014
 0.47810841 0.86208797 0.92991684 0.24286144]
[0.09988979 0.28444044 0.4958421  0.20263501 0.02119026 0.15574592
 0.32702134 0.21200281 0.27161607 0.13325318 0.05059613 0.17969141
 0.12954614 0.0530007  0.0457369  0.06457269 0.04583709 0.03186054
 0.40496944 0.48181545 0.38648432 0.49509067 0.03867348 0.1486825
 0.85367198 0.29561166 0.04207995 0.28574291 0.08486124 0.0717363
 0.04638814 0.50030057 0.20989881 0.36404168 0.20664262 0.04202986
 0.52189159 0.13791203 0.07008316 0.75713856]